# im mu / T      	| T [GeV]        	| cond           	| susc           
 0.0000000000e+00	 1.2500000000e-01	 4.0328588662e-02	 9.3390156727e-03
 0.0000000000e+00	 1.3000000000e-01	 5.2079738631e-02	 1.3560250694e-02
 0.0000000000e+00	 1.3500000000e-01	 6.7355877820e-02	 1.9724001025e-02
 0.0000000000e+00	 1.4000000000e-01	 8.8988443296e-02	 2.9473933340e-02
 0.0000000000e+00	 1.4500000000e-01	 1.1771002048e-01	 4.4453714477e-02
 0.0000000000e+00	 1.5000000000e-01	 1.5496829657e-01	 6.5597245838e-02
 0.0000000000e+00	 1.5500000000e-01	 1.9824216935e-01	 8.4872974180e-02
 0.0000000000e+00	 1.6000000000e-01	 2.3677146641e-01	 8.7413186380e-02
 0.0000000000e+00	 1.6500000000e-01	 2.6629591941e-01	 7.5758094902e-02
 0.0000000000e+00	 1.7000000000e-01	 2.8662508866e-01	 6.1749571419e-02
 0.0000000000e+00	 1.7500000000e-01	 3.0086028973e-01	 4.9907699586e-02
 0.0000000000e+00	 1.8000000000e-01	 3.1087029141e-01	 4.0830176399e-02
 0.0000000000e+00	 1.8500000000e-01	 3.1836239283e-01	 3.3769880546e-02
 0.0000000000e+00	 1.9000000000e-01	 3.2413123621e-01	 2.8203827267e-02
 0.0000000000e+00	 1.9500000000e-01	 3.2868410163e-01	 2.3795811837e-02
 0.0000000000e+00	 2.0000000000e-01	 3.3246819453e-01	 2.0060205589e-02
 0.0000000000e+00	 2.0500000000e-01	 3.3546720022e-01	 1.7109076641e-02
 0.0000000000e+00	 2.1000000000e-01	 3.3813310165e-01	 1.4456796217e-02
 0.0000000000e+00	 2.1500000000e-01	 3.4044790692e-01	 1.2178076398e-02
 0.0000000000e+00	 2.2000000000e-01	 3.4247169067e-01	 1.0160849011e-02
 0.0000000000e+00	 2.2500000000e-01	 3.4407388457e-01	 8.5545383203e-03
 0.0000000000e+00	 2.3000000000e-01	 3.4562957398e-01	 7.0229397608e-03
 0.0000000000e+00	 2.3500000000e-01	 3.4683604774e-01	 5.8275457657e-03
 0.0000000000e+00	 2.4000000000e-01	 3.4810381594e-01	 4.5574396393e-03
 0.0000000000e+00	 2.4500000000e-01	 3.4904315573e-01	 3.6235380243e-03
 0.0000000000e+00	 2.5000000000e-01	 3.5011524931e-01	 2.5402122528e-03


 2.6166666700e-01	 1.2500000000e-01	 3.9356467017e-02	 8.8533867926e-03
 2.6166666700e-01	 1.3000000000e-01	 5.0406085379e-02	 1.2626349133e-02
 2.6166666700e-01	 1.3500000000e-01	 6.4562660831e-02	 1.8117690334e-02
 2.6166666700e-01	 1.4000000000e-01	 8.4332556460e-02	 2.6448092313e-02
 2.6166666700e-01	 1.4500000000e-01	 1.1021974875e-01	 3.9149153577e-02
 2.6166666700e-01	 1.5000000000e-01	 1.4380747404e-01	 5.7565692436e-02
 2.6166666700e-01	 1.5500000000e-01	 1.8443379306e-01	 7.8111526853e-02
 2.6166666700e-01	 1.6000000000e-01	 2.2377653745e-01	 8.7375830341e-02
 2.6166666700e-01	 1.6500000000e-01	 2.5632281637e-01	 8.0203466318e-02
 2.6166666700e-01	 1.7000000000e-01	 2.7939010877e-01	 6.6904708056e-02
 2.6166666700e-01	 1.7500000000e-01	 2.9552930007e-01	 5.4353071055e-02
 2.6166666700e-01	 1.8000000000e-01	 3.0678602857e-01	 4.4528426555e-02
 2.6166666700e-01	 1.8500000000e-01	 3.1511099230e-01	 3.6833077665e-02
 2.6166666700e-01	 1.9000000000e-01	 3.2147773597e-01	 3.0706683427e-02
 2.6166666700e-01	 1.9500000000e-01	 3.2644609230e-01	 2.5925107394e-02
 2.6166666700e-01	 2.0000000000e-01	 3.3055551330e-01	 2.1928008766e-02
 2.6166666700e-01	 2.0500000000e-01	 3.3378871864e-01	 1.8752743424e-02
 2.6166666700e-01	 2.1000000000e-01	 3.3665309003e-01	 1.5951038738e-02
 2.6166666700e-01	 2.1500000000e-01	 3.3912941579e-01	 1.3485538616e-02
 2.6166666700e-01	 2.2000000000e-01	 3.4127970191e-01	 1.1356243059e-02
 2.6166666700e-01	 2.2500000000e-01	 3.4297841168e-01	 9.6752201841e-03
 2.6166666700e-01	 2.3000000000e-01	 3.4462182431e-01	 7.9941973619e-03
 2.6166666700e-01	 2.3500000000e-01	 3.4589569145e-01	 6.7240912354e-03
 2.6166666700e-01	 2.4000000000e-01	 3.4722683790e-01	 5.4539851622e-03
 2.6166666700e-01	 2.4500000000e-01	 3.4821598577e-01	 4.4453714158e-03
 2.6166666700e-01	 2.5000000000e-01	 3.4934007290e-01	 3.3246896051e-03


 3.9266666700e-01	 1.2500000000e-01	 3.8211694292e-02	 8.2556897950e-03
 3.9266666700e-01	 1.3000000000e-01	 4.8463925897e-02	 1.1617735439e-02
 3.9266666700e-01	 1.3500000000e-01	 6.1374536894e-02	 1.6324599288e-02
 3.9266666700e-01	 1.4000000000e-01	 7.9116836932e-02	 2.3310183010e-02
 3.9266666700e-01	 1.4500000000e-01	 1.0194052715e-01	 3.3620456337e-02
 3.9266666700e-01	 1.5000000000e-01	 1.3134630476e-01	 4.8749661683e-02
 3.9266666700e-01	 1.5500000000e-01	 1.6792673350e-01	 6.8025389920e-02
 3.9266666700e-01	 1.6000000000e-01	 2.0642121572e-01	 8.3378731660e-02
 3.9266666700e-01	 1.6500000000e-01	 2.4191684473e-01	 8.3901716526e-02
 3.9266666700e-01	 1.7000000000e-01	 2.6869514429e-01	 7.3329950819e-02
 3.9266666700e-01	 1.7500000000e-01	 2.8767410789e-01	 6.0479465293e-02
 3.9266666700e-01	 1.8000000000e-01	 3.0083035406e-01	 4.9683563245e-02
 3.9266666700e-01	 1.8500000000e-01	 3.1042145959e-01	 4.1129024872e-02
 3.9266666700e-01	 1.9000000000e-01	 3.1768942463e-01	 3.4330221505e-02
 3.9266666700e-01	 1.9500000000e-01	 3.2327773912e-01	 2.9025660605e-02
 3.9266666700e-01	 2.0000000000e-01	 3.2786862132e-01	 2.4542933097e-02
 3.9266666700e-01	 2.0500000000e-01	 3.3144362192e-01	 2.1068819282e-02
 3.9266666700e-01	 2.1000000000e-01	 3.3459708350e-01	 1.7968266071e-02
 3.9266666700e-01	 2.1500000000e-01	 3.3730750726e-01	 1.5315985648e-02
 3.9266666700e-01	 2.2000000000e-01	 3.3963979617e-01	 1.2962553697e-02
 3.9266666700e-01	 2.2500000000e-01	 3.4147654549e-01	 1.1132106665e-02
 3.9266666700e-01	 2.3000000000e-01	 3.4324508822e-01	 9.3763717118e-03
 3.9266666700e-01	 2.3500000000e-01	 3.4461440392e-01	 8.0315534541e-03
 3.9266666700e-01	 2.4000000000e-01	 3.4603525574e-01	 6.6120230650e-03
 3.9266666700e-01	 2.4500000000e-01	 3.4709443988e-01	 5.5660532795e-03
 3.9266666700e-01	 2.5000000000e-01	 3.4829181604e-01	 4.3706593376e-03


 5.2333333300e-01	 1.2500000000e-01	 3.6733969776e-02	 7.4712125488e-03
 5.2333333300e-01	 1.3000000000e-01	 4.6000509575e-02	 1.0347629313e-02
 5.2333333300e-01	 1.3500000000e-01	 5.7411592314e-02	 1.4195303731e-02
 5.2333333300e-01	 1.4000000000e-01	 7.2779266561e-02	 1.9686644933e-02
 5.2333333300e-01	 1.4500000000e-01	 9.2078069206e-02	 2.7531418138e-02
 5.2333333300e-01	 1.5000000000e-01	 1.1652865406e-01	 3.8850305105e-02
 5.2333333300e-01	 1.5500000000e-01	 1.4728987227e-01	 5.4577207449e-02
 5.2333333300e-01	 1.6000000000e-01	 1.8192900554e-01	 7.1910420430e-02
 5.2333333300e-01	 1.6500000000e-01	 2.1863959601e-01	 8.3154595266e-02
 5.2333333300e-01	 1.7000000000e-01	 2.5020277518e-01	 8.0539670882e-02
 5.2333333300e-01	 1.7500000000e-01	 2.7391614958e-01	 6.9556988532e-02
 5.2333333300e-01	 1.8000000000e-01	 2.9049151738e-01	 5.8013965171e-02
 5.2333333300e-01	 1.8500000000e-01	 3.0239320974e-01	 4.8189320725e-02
 5.2333333300e-01	 1.9000000000e-01	 3.1129833598e-01	 4.0232479402e-02
 5.2333333300e-01	 1.9500000000e-01	 3.1799792980e-01	 3.3994016940e-02
 5.2333333300e-01	 2.0000000000e-01	 3.2344185167e-01	 2.8801524264e-02
 5.2333333300e-01	 2.0500000000e-01	 3.2761399020e-01	 2.4767069491e-02
 5.2333333300e-01	 2.1000000000e-01	 3.3126822632e-01	 2.1218243545e-02
 5.2333333300e-01	 2.1500000000e-01	 3.3438072328e-01	 1.8192402465e-02
 5.2333333300e-01	 2.2000000000e-01	 3.3702227974e-01	 1.5540122042e-02
 5.2333333300e-01	 2.2500000000e-01	 3.3909134819e-01	 1.3485538616e-02
 5.2333333300e-01	 2.3000000000e-01	 3.4106954229e-01	 1.1543023308e-02
 5.2333333300e-01	 2.3500000000e-01	 3.4259758314e-01	 1.0011424749e-02
 5.2333333300e-01	 2.4000000000e-01	 3.4416724931e-01	 8.4424701499e-03
 5.2333333300e-01	 2.4500000000e-01	 3.4534190689e-01	 7.3217882330e-03
 5.2333333300e-01	 2.5000000000e-01	 3.4665999141e-01	 6.0143260675e-03


 6.5433333300e-01	 1.2500000000e-01	 3.5009593597e-02	 6.6493791572e-03
 6.5433333300e-01	 1.3000000000e-01	 4.3184523177e-02	 8.9654550160e-03
 6.5433333300e-01	 1.3500000000e-01	 5.2990260891e-02	 1.2028652188e-02
 6.5433333300e-01	 1.4000000000e-01	 6.5897415817e-02	 1.6175175079e-02
 6.5433333300e-01	 1.4500000000e-01	 8.1647290868e-02	 2.1741228411e-02
 6.5433333300e-01	 1.5000000000e-01	 1.0109958373e-01	 2.9473933393e-02
 6.5433333300e-01	 1.5500000000e-01	 1.2534829338e-01	 4.0344547572e-02
 6.5433333300e-01	 1.6000000000e-01	 1.5333814916e-01	 5.4390427147e-02
 6.5433333300e-01	 1.6500000000e-01	 1.8640319452e-01	 7.0378821924e-02
 6.5433333300e-01	 1.7000000000e-01	 2.2031675616e-01	 8.0689095198e-02
 6.5433333300e-01	 1.7500000000e-01	 2.5003439336e-01	 7.9045428415e-02
 6.5433333300e-01	 1.8000000000e-01	 2.7233255747e-01	 6.9631700611e-02
 6.5433333300e-01	 1.8500000000e-01	 2.8845604397e-01	 5.9209359166e-02
 6.5433333300e-01	 1.9000000000e-01	 3.0041150874e-01	 4.9720919284e-02
 6.5433333300e-01	 1.9500000000e-01	 3.0916141673e-01	 4.2062926434e-02
 6.5433333300e-01	 2.0000000000e-01	 3.1616021482e-01	 3.5675039709e-02
 6.5433333300e-01	 2.0500000000e-01	 3.2140012685e-01	 3.0706683427e-02
 6.5433333300e-01	 2.1000000000e-01	 3.2593871056e-01	 2.6373380182e-02
 6.5433333300e-01	 2.1500000000e-01	 3.2975080781e-01	 2.2675129973e-02
 6.5433333300e-01	 2.2000000000e-01	 3.3292246458e-01	 1.9574576762e-02
 6.5433333300e-01	 2.2500000000e-01	 3.3538420369e-01	 1.7146432680e-02
 6.5433333300e-01	 2.3000000000e-01	 3.3771445963e-01	 1.4867712913e-02
 6.5433333300e-01	 2.3500000000e-01	 3.3950577177e-01	 1.3111977960e-02
 6.5433333300e-01	 2.4000000000e-01	 3.4132132724e-01	 1.1281530875e-02
 6.5433333300e-01	 2.4500000000e-01	 3.4268469646e-01	 9.9367126171e-03
 6.5433333300e-01	 2.5000000000e-01	 3.4420018363e-01	 8.4051141107e-03


 7.8533333300e-01	 1.2500000000e-01	 3.3135183274e-02	 5.8275457126e-03
 7.8533333300e-01	 1.3000000000e-01	 4.0194513433e-02	 7.6579928505e-03
 7.8533333300e-01	 1.3500000000e-01	 4.8413304621e-02	 9.9740686562e-03
 7.8533333300e-01	 1.4000000000e-01	 5.8976582625e-02	 1.2925197658e-02
 7.8533333300e-01	 1.4500000000e-01	 7.1466925212e-02	 1.6735516037e-02
 7.8533333300e-01	 1.5000000000e-01	 8.6426884719e-02	 2.1778584450e-02
 7.8533333300e-01	 1.5500000000e-01	 1.0465938778e-01	 2.8540031778e-02
 7.8533333300e-01	 1.6000000000e-01	 1.2540531855e-01	 3.7468130755e-02
 7.8533333300e-01	 1.6500000000e-01	 1.5085669011e-01	 4.9534138982e-02
 7.8533333300e-01	 1.7000000000e-01	 1.8017952202e-01	 6.3841510884e-02
 7.8533333300e-01	 1.7500000000e-01	 2.1149737097e-01	 7.5795450941e-02
 7.8533333300e-01	 1.8000000000e-01	 2.4002174880e-01	 7.9008072322e-02
 7.8533333300e-01	 1.8500000000e-01	 2.6299587976e-01	 7.3442019043e-02
 7.8533333300e-01	 1.9000000000e-01	 2.8070448310e-01	 6.4140359462e-02
 7.8533333300e-01	 1.9500000000e-01	 2.9347476745e-01	 5.5100192262e-02
 7.8533333300e-01	 2.0000000000e-01	 3.0353462804e-01	 4.6881858559e-02
 7.8533333300e-01	 2.0500000000e-01	 3.1083649307e-01	 4.0493971835e-02
 7.8533333300e-01	 2.1000000000e-01	 3.1705975897e-01	 3.4778494240e-02
 7.8533333300e-01	 2.1500000000e-01	 3.2217784449e-01	 2.9959562220e-02
 7.8533333300e-01	 2.2000000000e-01	 3.2631806519e-01	 2.5999819525e-02
 7.8533333300e-01	 2.2500000000e-01	 3.2948230158e-01	 2.2936622406e-02
 7.8533333300e-01	 2.3000000000e-01	 3.3243612422e-01	 2.0060205589e-02
 7.8533333300e-01	 2.3500000000e-01	 3.3468526414e-01	 1.7856197901e-02
 7.8533333300e-01	 2.4000000000e-01	 3.3692540810e-01	 1.5652190212e-02
 7.8533333300e-01	 2.4500000000e-01	 3.3861003946e-01	 1.3971167390e-02
 7.8533333300e-01	 2.5000000000e-01	 3.4046137543e-01	 1.2140720306e-02


 8.5100000000e-01	 1.2500000000e-01	 3.2165348735e-02	 5.4166290699e-03
 8.5100000000e-01	 1.3000000000e-01	 3.8674350397e-02	 6.9855836686e-03
 8.5100000000e-01	 1.3500000000e-01	 4.6132500996e-02	 8.9654550160e-03
 8.5100000000e-01	 1.4000000000e-01	 5.5602644043e-02	 1.1468311177e-02
 8.5100000000e-01	 1.4500000000e-01	 6.6618514887e-02	 1.4568864441e-02
 8.5100000000e-01	 1.5000000000e-01	 7.9597789884e-02	 1.8603319161e-02
 8.5100000000e-01	 1.5500000000e-01	 9.5199867072e-02	 2.3758455798e-02
 8.5100000000e-01	 1.6000000000e-01	 1.1267645623e-01	 3.0557259218e-02
 8.5100000000e-01	 1.6500000000e-01	 1.3409372881e-01	 3.9784206614e-02
 8.5100000000e-01	 1.7000000000e-01	 1.5924879310e-01	 5.1812858802e-02
 8.5100000000e-01	 1.7500000000e-01	 1.8784122504e-01	 6.5373109497e-02
 8.5100000000e-01	 1.8000000000e-01	 2.1684081265e-01	 7.5795450941e-02
 8.5100000000e-01	 1.8500000000e-01	 2.4298024731e-01	 7.7812678381e-02
 8.5100000000e-01	 1.9000000000e-01	 2.6472701561e-01	 7.2321337126e-02
 8.5100000000e-01	 1.9500000000e-01	 2.8077833121e-01	 6.3878866976e-02
 8.5100000000e-01	 2.0000000000e-01	 2.9347375096e-01	 5.5100192315e-02
 8.5100000000e-01	 2.0500000000e-01	 3.0255899950e-01	 4.7628979766e-02
 8.5100000000e-01	 2.1000000000e-01	 3.1023391691e-01	 4.0979600609e-02
 8.5100000000e-01	 2.1500000000e-01	 3.1646109630e-01	 3.5301479106e-02
 8.5100000000e-01	 2.2000000000e-01	 3.2140851290e-01	 3.0669327388e-02
 8.5100000000e-01	 2.2500000000e-01	 3.2514701616e-01	 2.7120501389e-02
 8.5100000000e-01	 2.3000000000e-01	 3.2860552683e-01	 2.3758455798e-02
 8.5100000000e-01	 2.3500000000e-01	 3.3121877400e-01	 2.1255599584e-02
 8.5100000000e-01	 2.4000000000e-01	 3.3379425851e-01	 1.8715387331e-02
 8.5100000000e-01	 2.4500000000e-01	 3.3572899761e-01	 1.6810228168e-02
 8.5100000000e-01	 2.5000000000e-01	 3.3784106364e-01	 1.4755644743e-02


 9.1633333300e-01	 1.2500000000e-01	 3.1192566371e-02	 4.9683563351e-03
 9.1633333300e-01	 1.3000000000e-01	 3.7167350926e-02	 6.3505306320e-03
 9.1633333300e-01	 1.3500000000e-01	 4.3901607104e-02	 8.0689094932e-03
 9.1633333300e-01	 1.4000000000e-01	 5.2349210528e-02	 1.0123492972e-02
 9.1633333300e-01	 1.4500000000e-01	 6.2012385310e-02	 1.2663705225e-02
 9.1633333300e-01	 1.5000000000e-01	 7.3209598237e-02	 1.5801614475e-02
 9.1633333300e-01	 1.5500000000e-01	 8.6481571962e-02	 1.9798713156e-02
 9.1633333300e-01	 1.6000000000e-01	 1.0106878404e-01	 2.4841781623e-02
 9.1633333300e-01	 1.6500000000e-01	 1.1880879697e-01	 3.1640584989e-02
 9.1633333300e-01	 1.7000000000e-01	 1.3966882891e-01	 4.0680752137e-02
 9.1633333300e-01	 1.7500000000e-01	 1.6405705201e-01	 5.2261131484e-02
 9.1633333300e-01	 1.8000000000e-01	 1.9060486213e-01	 6.5074261024e-02
 9.1633333300e-01	 1.8500000000e-01	 2.1744328716e-01	 7.4674769077e-02
 9.1633333300e-01	 1.9000000000e-01	 2.4266930256e-01	 7.7177625291e-02
 9.1633333300e-01	 1.9500000000e-01	 2.6270963575e-01	 7.2694897783e-02
 9.1633333300e-01	 2.0000000000e-01	 2.7912887046e-01	 6.4663344276e-02
 9.1633333300e-01	 2.0500000000e-01	 2.9085806421e-01	 5.6818571176e-02
 9.1633333300e-01	 2.1000000000e-01	 3.0072519801e-01	 4.9085866194e-02
 9.1633333300e-01	 2.1500000000e-01	 3.0862140562e-01	 4.2361774959e-02
 9.1633333300e-01	 2.2000000000e-01	 3.1476838384e-01	 3.6833077665e-02
 9.1633333300e-01	 2.2500000000e-01	 3.1934737309e-01	 3.2574486551e-02
 9.1633333300e-01	 2.3000000000e-01	 3.2353821507e-01	 2.8652100002e-02
 9.1633333300e-01	 2.3500000000e-01	 3.2667185506e-01	 2.5626258922e-02
 9.1633333300e-01	 2.4000000000e-01	 3.2972341336e-01	 2.2675129973e-02
 9.1633333300e-01	 2.4500000000e-01	 3.3200853707e-01	 2.0471122285e-02
 9.1633333300e-01	 2.5000000000e-01	 3.3448511696e-01	 1.8042978256e-02
